# oST version 5.0 parameters


[image]

width
1920

height
1080

[stereo/left]

camera matrix
2060.092292 0.000000 968.834600
0.000000 2067.751618 595.651496
0.000000 0.000000 1.000000

distortion
0.305675 0.753619 -0.005120 0.004292 0.000000

rectification
0.998856 -0.011242 0.046483
0.011547 0.999914 -0.006288
-0.046409 0.006817 0.998899

projection
2482.567154 0.000000 864.497375 0.000000
0.000000 2482.567154 588.073902 0.000000
0.000000 0.000000 1.000000 0.000000
# oST version 5.0 parameters


[image]

width
1920

height
1080

[stereo/right]

camera matrix
2048.008943 0.000000 973.144363
0.000000 2046.795722 597.940182
0.000000 0.000000 1.000000

distortion
0.316024 0.668568 0.006200 0.003632 0.000000

rectification
0.999045 -0.012071 0.041996
0.011795 0.999907 0.006804
-0.042074 -0.006302 0.999095

projection
2482.567154 0.000000 864.497375 -147.515506
0.000000 2482.567154 588.073902 0.000000
0.000000 0.000000 1.000000 0.000000
