# oST version 5.0 parameters


[image]

width
640

height
480

[stereo/left]

camera matrix
686.320918 0.000000 316.410908
0.000000 685.830261 279.428334
0.000000 0.000000 1.000000

distortion
0.287829 0.605589 0.005716 -0.000247 0.000000

rectification
0.999342 -0.003634 -0.036086
0.003754 0.999988 0.003279
0.036073 -0.003412 0.999343

projection
798.731044 0.000000 348.127430 0.000000
0.000000 798.731044 269.935493 0.000000
0.000000 0.000000 1.000000 0.000000
# oST version 5.0 parameters


[image]

width
640

height
480

[stereo/right]

camera matrix
686.676077 0.000000 316.284295
0.000000 686.454660 270.838344
0.000000 0.000000 1.000000

distortion
0.311564 0.556841 0.004217 -0.005299 0.000000

rectification
0.999064 -0.003595 -0.043100
0.003450 0.999988 -0.003421
0.043112 0.003269 0.999065

projection
798.731044 0.000000 348.127430 -47.694354
0.000000 798.731044 269.935493 0.000000
0.000000 0.000000 1.000000 0.000000
