# oST version 5.0 parameters


[image]

width
640

height
480

[narrow_stereo/left]

camera matrix
696.885370 0.000000 320.006110
0.000000 697.608662 278.555167
0.000000 0.000000 1.000000

distortion
0.316126 0.751699 0.006517 0.002389 0.000000

rectification
0.962447 0.055551 -0.265725
-0.053902 0.998455 0.013499
0.266065 0.001331 0.963954

projection
1080.689861 0.000000 559.908498 0.000000
0.000000 1080.689861 261.932663 0.000000
0.000000 0.000000 1.000000 0.000000
# oST version 5.0 parameters


[image]

width
640

height
480

[narrow_stereo/right]

camera matrix
694.467758 0.000000 321.014780
0.000000 694.639457 266.600281
0.000000 0.000000 1.000000

distortion
0.318315 0.656068 0.005134 -0.000063 0.000000

rectification
0.955857 0.053532 -0.288915
-0.055325 0.998466 0.001962
0.288577 0.014109 0.957353

projection
1080.689861 0.000000 559.908498 -81.420154
0.000000 1080.689861 261.932663 0.000000
0.000000 0.000000 1.000000 0.000000
