# oST version 5.0 parameters


[image]

width
320

height
240

[stereo/left]

camera matrix
208.221302 0.000000 176.639685
0.000000 208.487900 122.049792
0.000000 0.000000 1.000000

distortion
0.011339 0.013540 0.005249 -0.000973 0.000000

rectification
0.999903 0.012919 0.005202
-0.012888 0.999899 -0.006007
-0.005280 0.005940 0.999968

projection
218.510120 0.000000 175.566744 0.000000
0.000000 218.510120 124.191102 0.000000
0.000000 0.000000 1.000000 0.000000
# oST version 5.0 parameters


[image]

width
320

height
240

[stereo/right]

camera matrix
208.088003 0.000000 179.457329
0.000000 208.117395 125.005721
0.000000 0.000000 1.000000

distortion
0.001465 0.011688 0.001274 0.001356 0.000000

rectification
0.999900 0.012937 0.005783
-0.012972 0.999898 0.005936
-0.005706 -0.006011 0.999966

projection
218.510120 0.000000 175.566744 -13.041602
0.000000 218.510120 124.191102 0.000000
0.000000 0.000000 1.000000 0.000000
