# oST version 5.0 parameters


[image]

width
320

height
240

[stereo/left]

camera matrix
286.883998 0.000000 173.455994
0.000000 286.639163 119.941354
0.000000 0.000000 1.000000

distortion
0.340513 0.674298 0.001312 -0.001493 0.000000

rectification
0.999661 0.012809 -0.022684
-0.012898 0.999910 -0.003745
0.022634 0.004037 0.999736

projection
360.607260 0.000000 177.368463 0.000000
0.000000 360.607260 121.148735 0.000000
0.000000 0.000000 1.000000 0.000000
# oST version 5.0 parameters


[image]

width
320

height
240

[stereo/right]

camera matrix
287.353572 0.000000 173.372959
0.000000 287.374941 123.292703
0.000000 0.000000 1.000000

distortion
0.394698 0.479489 0.000783 -0.010357 0.000000

rectification
0.999406 0.013625 -0.031648
-0.013502 0.999900 0.004106
0.031701 -0.003676 0.999491

projection
360.607260 0.000000 177.368463 -21.507233
0.000000 360.607260 121.148735 0.000000
0.000000 0.000000 1.000000 0.000000
