# oST version 5.0 parameters


[image]

width
640

height
480

[stereo/left]

camera matrix
519.151900 0.000000 319.174292
0.000000 519.712551 277.976296
0.000000 0.000000 1.000000

distortion
-0.019985 0.106889 0.000070 0.002679 0.000000

rectification
0.997406 0.009347 -0.071366
-0.009146 0.999953 0.003147
0.071392 -0.002486 0.997445

projection
572.993971 0.000000 374.534946 0.000000
0.000000 572.993971 271.474743 0.000000
0.000000 0.000000 1.000000 0.000000
# oST version 5.0 parameters


[image]

width
640

height
480

[stereo/right]

camera matrix
523.139499 0.000000 319.655966
0.000000 523.394088 267.733782
0.000000 0.000000 1.000000

distortion
0.000599 0.071806 0.002352 0.001851 0.000000

rectification
0.996861 0.008680 -0.078688
-0.008901 0.999957 -0.002469
0.078663 0.003162 0.996896

projection
572.993971 0.000000 374.534946 -34.309807
0.000000 572.993971 271.474743 0.000000
0.000000 0.000000 1.000000 0.000000
