# oST version 5.0 parameters


[image]

width
640

height
480

[stereo/left]

camera matrix
691.378484 0.000000 317.982377
0.000000 692.192172 276.796781
0.000000 0.000000 1.000000

distortion
0.329649 0.518355 0.005227 0.001891 0.000000

rectification
0.999979 -0.001051 0.006375
0.001042 0.999999 0.001332
-0.006376 -0.001325 0.999979

projection
797.971513 0.000000 315.442829 0.000000
0.000000 797.971513 270.552500 0.000000
0.000000 0.000000 1.000000 0.000000
# oST version 5.0 parameters


[image]

width
640

height
480

[stereo/right]

camera matrix
690.484138 0.000000 321.440609
0.000000 691.132409 274.763387
0.000000 0.000000 1.000000

distortion
0.309645 0.603806 0.006657 0.000181 0.000000

rectification
0.999988 -0.000879 0.004755
0.000886 0.999999 -0.001327
-0.004754 0.001331 0.999988

projection
797.971513 0.000000 315.442829 -47.823195
0.000000 797.971513 270.552500 0.000000
0.000000 0.000000 1.000000 0.000000
