# oST version 5.0 parameters


[image]

width
640

height
480

[stereo/left]

camera matrix
685.040164 0.000000 313.636698
0.000000 685.053842 270.486076
0.000000 0.000000 1.000000

distortion
0.313091 0.496558 -0.003631 -0.001474 0.000000

rectification
0.999557 -0.001138 -0.029731
0.001240 0.999993 0.003411
0.029726 -0.003446 0.999552

projection
796.311659 0.000000 340.416702 0.000000
0.000000 796.311659 259.653820 0.000000
0.000000 0.000000 1.000000 0.000000
# oST version 5.0 parameters


[image]

width
640

height
480

[stereo/right]

camera matrix
685.333645 0.000000 321.697718
0.000000 685.953494 260.198716
0.000000 0.000000 1.000000

distortion
0.291076 0.689116 -0.004716 0.000474 0.000000

rectification
0.999661 -0.001345 -0.026017
0.001256 0.999993 -0.003446
0.026021 0.003412 0.999656

projection
796.311659 0.000000 340.416702 -47.533646
0.000000 796.311659 259.653820 0.000000
0.000000 0.000000 1.000000 0.000000
